Who: Melissa3
Type of fall: Forward fall, bent legs

831.00, -907.00, 1503.00, -1442.00, -4925.00, 2672.00
642.00, -738.00, 1507.00, -969.00, -2001.00, -2179.00
395.00, -982.00, 1569.00, 3257.00, 2355.00, -7051.00
723.00, -1165.00, 1533.00, 1783.00, -472.00, 13032.00
950.00, -963.00, 1583.00, 2434.00, -1202.00, 3937.00
697.00, -955.00, 1459.00, 4589.00, -952.00, -10558.00
639.00, -1141.00, 1992.00, 6038.00, 4.00, -9141.00
633.00, -827.00, 1509.00, 9815.00, -1233.00, 4510.00
693.00, -655.00, 987.00, 3416.00, -1729.00, 22830.00
1178.00, -455.00, 1340.00, 1005.00, -6030.00, 31326.00
1336.00, -1300.00, 1924.00, 2100.00, -6788.00, 23351.00
1211.00, -1022.00, 1872.00, 659.00, -6869.00, 7435.00
763.00, -476.00, 1318.00, 3953.00, -1997.00, 3959.00
855.00, -727.00, 1141.00, 4163.00, 560.00, 1698.00
1036.00, -868.00, 1260.00, 844.00, -129.00, -710.00
1037.00, -882.00, 1667.00, -3618.00, 7661.00, -14475.00
1031.00, -894.00, 1864.00, -3847.00, 4857.00, -7880.00
641.00, -1052.00, 1237.00, -3719.00, 7335.00, -17342.00
534.00, -1312.00, 1341.00, -1799.00, 9165.00, -26463.00
594.00, -868.00, 2021.00, -10235.00, 4159.00, -11355.00
778.00, -634.00, 1906.00, -1356.00, 1253.00, 1029.00
564.00, -598.00, 1490.00, -1196.00, 1032.00, -7117.00
417.00, -657.00, 1490.00, -1039.00, 1420.00, -14006.00
547.00, -831.00, 1765.00, -3054.00, 2355.00, -9099.00
856.00, -864.00, 1927.00, -3648.00, 1683.00, 3391.00
892.00, -828.00, 1471.00, -3885.00, 729.00, 5572.00
935.00, -876.00, 1379.00, -1663.00, -144.00, -149.00
999.00, -882.00, 1633.00, -2073.00, 23.00, 191.00
864.00, -723.00, 1601.00, -1215.00, -1255.00, 407.00
849.00, -867.00, 1632.00, 2368.00, -2109.00, 4539.00
841.00, -791.00, 1555.00, 4081.00, -790.00, 4614.00
826.00, -944.00, 1508.00, 5513.00, -1268.00, 1259.00
892.00, -1019.00, 1711.00, 5008.00, -4901.00, 3537.00
910.00, -839.00, 1658.00, 2874.00, -5540.00, 4070.00
711.00, -659.00, 1524.00, 2516.00, -1703.00, -4673.00
774.00, -573.00, 1465.00, -1421.00, 413.00, 3837.00
1120.00, -437.00, 1480.00, -1200.00, -18.00, 2788.00
1005.00, -599.00, 1398.00, -2113.00, -1493.00, -3337.00
1049.00, -498.00, 1500.00, -1507.00, -390.00, -3667.00
1321.00, -624.00, 1651.00, -6532.00, 2761.00, -10075.00
1025.00, -865.00, 1656.00, -5546.00, 3989.00, -8124.00
986.00, -885.00, 1644.00, -8003.00, 10199.00, -10091.00
1141.00, -1208.00, 1595.00, -3480.00, 6508.00, -14100.00
984.00, -1049.00, 1423.00, -3586.00, 5114.00, -13313.00
865.00, -904.00, 1354.00, -3589.00, 4342.00, -5891.00
868.00, -777.00, 1261.00, -4239.00, 6733.00, -3787.00
952.00, -842.00, 1312.00, -10790.00, 9327.00, -11472.00
877.00, -1117.00, 1285.00, -9279.00, 11382.00, -25160.00
824.00, -1255.00, 1457.00, -6730.00, 9282.00, -32768.00
746.00, -1072.00, 1371.00, -3957.00, 5930.00, -14374.00
909.00, -1104.00, 1610.00, -6184.00, -2873.00, 4986.00
1000.00, -1098.00, 1554.00, 566.00, -1352.00, 7446.00
1160.00, -1335.00, 1541.00, 2777.00, 28.00, 4588.00
1011.00, -1322.00, 1524.00, 2826.00, -786.00, 8443.00
820.00, -1273.00, 1578.00, 4134.00, -1035.00, 6439.00
744.00, -1084.00, 1304.00, 7181.00, 2090.00, -1743.00
11.00, 349.00, 2046.00, 17816.00, 2500.00, -8737.00
-363.00, 137.00, 1290.00, 22832.00, 21760.00, -12925.00
-623.00, 471.00, 1271.00, 2474.00, 4557.00, -6271.00
-883.00, 733.00, 2357.00, -7288.00, -3863.00, -5508.00
-764.00, 298.00, 2025.00, 40.00, 1306.00, -12365.00
-490.00, 50.00, 1707.00, -1754.00, -2893.00, 513.00
-101.00, -156.00, 1581.00, -885.00, 2368.00, 2657.00
-235.00, -72.00, 1667.00, 147.00, 453.00, -7012.00
-504.00, 118.00, 2074.00, 349.00, -3318.00, -1873.00
-237.00, 176.00, 2205.00, 359.00, -14093.00, 3187.00
167.00, -92.00, 1631.00, -5938.00, -26013.00, 6123.00
597.00, -460.00, 1705.00, -11029.00, -22180.00, 15769.00
794.00, -713.00, 1047.00, -8164.00, -6792.00, 7617.00
1363.00, -989.00, 1373.00, -10181.00, 5838.00, 10867.00
727.00, -1103.00, 682.00, -3519.00, -19103.00, 21687.00
901.00, -1162.00, 544.00, 5091.00, -5023.00, -3804.00
1233.00, -1528.00, 1501.00, 19354.00, -449.00, 6589.00
1489.00, -1683.00, 1929.00, 24362.00, -1816.00, 10516.00
1110.00, -1552.00, 1618.00, 13692.00, -7527.00, 10354.00
800.00, -1132.00, 1040.00, 4937.00, -4685.00, 3453.00
765.00, -1109.00, 1246.00, -6080.00, 1335.00, -1977.00
787.00, -1263.00, 1415.00, -11352.00, 7575.00, -9201.00
931.00, -1480.00, 1941.00, -10156.00, 13446.00, -19003.00
972.00, -987.00, 1509.00, -2967.00, 16958.00, -13883.00
700.00, -804.00, 1159.00, 15432.00, 298.00, 7807.00
696.00, -788.00, 1069.00, 14391.00, 3968.00, 16694.00
989.00, -524.00, 1389.00, 707.00, 7548.00, -2805.00
355.00, 44.00, 1636.00, 10297.00, 137.00, -8488.00
50.00, 259.00, 1916.00, -1446.00, 852.00, -4744.00
106.00, 120.00, 2024.00, -3430.00, -3625.00, -2041.00
92.00, 241.00, 1994.00, -4076.00, -7023.00, -2256.00
483.00, 214.00, 2201.00, -3930.00, -11770.00, -2726.00
581.00, 14.00, 2106.00, -184.00, -15484.00, 992.00
885.00, -20.00, 1421.00, 3219.00, -6069.00, 6592.00
1326.00, -161.00, 1323.00, 1182.00, -5886.00, 3299.00
1161.00, -318.00, 1260.00, 759.00, -2980.00, 6594.00
1174.00, -334.00, 1028.00, 2056.00, -1841.00, 11171.00
1456.00, -1041.00, 1195.00, 1281.00, -5695.00, 21219.00
1630.00, -1376.00, 1085.00, 9981.00, 4936.00, 23924.00
1317.00, -1557.00, 1668.00, 20180.00, -8511.00, 19907.00
914.00, -1537.00, 1621.00, 20241.00, -3966.00, 11289.00
822.00, -1297.00, 1274.00, 10193.00, -1825.00, 7310.00
890.00, -1241.00, 1360.00, -3178.00, 5901.00, -4024.00
789.00, -1043.00, 1313.00, -12929.00, 14852.00, -16894.00
542.00, -1062.00, 1756.00, -23109.00, 13500.00, -29777.00
370.00, 463.00, 1808.00, -13234.00, -1369.00, -17907.00
680.00, -1052.00, 1782.00, 8200.00, -4803.00, 3958.00
837.00, -368.00, 1648.00, 3609.00, -3278.00, 12016.00
1441.00, -559.00, 1056.00, 10466.00, -3577.00, -4628.00
647.00, -287.00, 807.00, 5287.00, -9404.00, -8102.00
1079.00, -507.00, 999.00, -3387.00, 6963.00, 1874.00
1883.00, 954.00, 489.00, 3229.00, 10894.00, 4047.00
745.00, -209.00, 431.00, 6763.00, -4041.00, -3944.00
2714.00, 2221.00, 3284.00, -21093.00, 21465.00, 32767.00
-745.00, -493.00, 1019.00, 15786.00, -13752.00, -21449.00
-173.00, -2084.00, 1726.00, 11982.00, 9996.00, 3201.00
-405.00, -734.00, 2928.00, -31735.00, -15633.00, 10109.00
-1805.00, -2890.00, 4337.00, -4251.00, 32767.00, 24110.00
-855.00, -1696.00, 1641.00, -4252.00, 18349.00, 8353.00
-922.00, -1192.00, 1431.00, 1307.00, 2255.00, 4580.00
-886.00, -945.00, 1759.00, 2347.00, -1521.00, -1146.00
-567.00, -978.00, 1377.00, -384.00, -1093.00, -4146.00
-417.00, -965.00, 1599.00, 47.00, -673.00, -1975.00
-492.00, -942.00, 1528.00, 1326.00, -742.00, -1290.00
-516.00, -934.00, 1565.00, -936.00, 428.00, 937.00
-614.00, -954.00, 1549.00, -245.00, 1703.00, 447.00
-734.00, -917.00, 1573.00, -919.00, 861.00, -479.00
-611.00, -925.00, 1551.00, -1006.00, -918.00, -206.00
-538.00, -914.00, 1509.00, -182.00, 637.00, -639.00
-649.00, -961.00, 1522.00, -441.00, 381.00, 3.00
-657.00, -998.00, 1534.00, -423.00, -899.00, -634.00
-537.00, -966.00, 1494.00, -443.00, -235.00, -694.00
-596.00, -1003.00, 1505.00, -153.00, 413.00, -40.00