Who: Melissa2B
Type of fall: Backwards fall, bent legs
972.00, -680.00, 1523.00, -327.00, -114.00, -316.00
991.00, -708.00, 1552.00, -75.00, 1218.00, -720.00
934.00, -669.00, 1552.00, -102.00, 1838.00, -1700.00
911.00, -572.00, 1670.00, -447.00, 1795.00, -2330.00
774.00, -388.00, 1667.00, -853.00, 948.00, -387.00
702.00, -489.00, 2014.00, 132.00, 2172.00, 947.00
709.00, -260.00, 1646.00, 1513.00, -870.00, 5017.00
877.00, -394.00, 1540.00, 1042.00, -3343.00, 4551.00
857.00, -516.00, 1570.00, -3634.00, -1803.00, -2661.00
851.00, -512.00, 1753.00, -757.00, -3813.00, 2346.00
1011.00, -611.00, 1524.00, 3037.00, -3904.00, 5585.00
924.00, -990.00, 1422.00, 2919.00, -2551.00, 6441.00
1326.00, -968.00, 1821.00, 139.00, 899.00, 4377.00
850.00, -823.00, 1545.00, 5341.00, -1102.00, 5257.00
843.00, -922.00, 1400.00, 7299.00, -1138.00, 11427.00
744.00, -1248.00, 1582.00, 6731.00, -1357.00, 11064.00
933.00, -786.00, 1901.00, 6996.00, -5036.00, 19010.00
722.00, -648.00, 1160.00, 9661.00, -8837.00, 21031.00
677.00, -647.00, 1479.00, 7156.00, -5472.00, 14598.00
873.00, -335.00, 1973.00, 7107.00, -3493.00, 18385.00
725.00, -627.00, 1402.00, 5006.00, -4145.00, 15034.00
892.00, -523.00, 1740.00, 4185.00, -6382.00, 7915.00
1008.00, -545.00, 1484.00, 3104.00, -4836.00, 5879.00
995.00, -446.00, 1543.00, 2316.00, -2621.00, 3201.00
979.00, -277.00, 1698.00, 1782.00, 3731.00, 2700.00
863.00, -451.00, 1625.00, 1897.00, 876.00, 3822.00
929.00, -549.00, 1465.00, 218.00, -2067.00, 2194.00
1048.00, -716.00, 1440.00, -621.00, 1243.00, 1973.00
1018.00, -744.00, 1694.00, -4166.00, 3853.00, 419.00
927.00, -919.00, 1172.00, -3428.00, 3873.00, 217.00
803.00, -1094.00, 1566.00, -3991.00, 3746.00, -1577.00
727.00, -1144.00, 1535.00, -3015.00, 3595.00, 1240.00
425.00, -859.00, 1996.00, 4972.00, 3338.00, -5347.00
216.00, -402.00, 1333.00, 7850.00, 219.00, 1187.00
514.00, -454.00, 1536.00, -1122.00, -2200.00, 1313.00
274.00, -635.00, 1700.00, -3176.00, -2456.00, -7657.00
476.00, -630.00, 1867.00, -3403.00, -1168.00, -7584.00
796.00, -726.00, 1720.00, 3065.00, -1384.00, -8687.00
933.00, -300.00, 1696.00, -322.00, 1625.00, -6850.00
1053.00, -503.00, 1397.00, -6519.00, 6942.00, -12520.00
776.00, -869.00, 1455.00, -12258.00, 7054.00, -17704.00
806.00, -825.00, 1599.00, -10689.00, 3954.00, -16161.00
903.00, -986.00, 1494.00, -10371.00, 6024.00, -10939.00
831.00, -1083.00, 1568.00, -6327.00, 8044.00, -17800.00
818.00, -914.00, 1461.00, -4269.00, 7264.00, -14718.00
810.00, -1008.00, 1535.00, -4153.00, 7038.00, -9785.00
780.00, -1018.00, 1618.00, -2267.00, 5673.00, -14498.00
618.00, -936.00, 1513.00, -1706.00, 2708.00, -13897.00
644.00, -915.00, 2190.00, 4116.00, -2231.00, -5256.00
366.00, -553.00, 2116.00, 18046.00, 1728.00, 8777.00
536.00, -526.00, 1495.00, 6413.00, 11367.00, 21157.00
700.00, 163.00, 1889.00, 6058.00, 4081.00, 24565.00
635.00, -177.00, 1494.00, 48.00, 981.00, -6619.00
9.00, -10.00, 1824.00, -1070.00, -4908.00, -11540.00
266.00, -62.00, 1704.00, -5869.00, -13065.00, 5059.00
943.00, -571.00, 1699.00, -2145.00, -11259.00, 12481.00
1295.00, -965.00, 1796.00, -2240.00, -10026.00, 7045.00
915.00, -521.00, 947.00, 6289.00, -6538.00, 6606.00
1145.00, -835.00, 1147.00, 4227.00, -2357.00, 14418.00
1558.00, -884.00, 1311.00, 5623.00, 10539.00, 5645.00
1239.00, -986.00, 2002.00, -1784.00, 509.00, -64.00
678.00, -741.00, 1175.00, -363.00, 216.00, 4994.00
676.00, -805.00, 864.00, 3340.00, 1136.00, -1259.00
1016.00, -953.00, 1764.00, 644.00, -1835.00, -2415.00
1200.00, -1115.00, 2454.00, -396.00, -2276.00, 2288.00
913.00, -565.00, 1164.00, -796.00, -1277.00, 7992.00
542.00, -551.00, 824.00, 2073.00, 536.00, -193.00
1161.00, -708.00, 1147.00, 2286.00, -1542.00, -8238.00
1284.00, -1030.00, 2422.00, -5816.00, 341.00, -8144.00
885.00, -531.00, 1591.00, 963.00, -2416.00, 4634.00
562.00, -501.00, 863.00, -1700.00, 5548.00, 2463.00
1015.00, -619.00, 1391.00, -1700.00, 3864.00, -6968.00
1456.00, -1188.00, 1849.00, 1833.00, -818.00, -14336.00
1016.00, -743.00, 2253.00, -2639.00, 4503.00, -13104.00
641.00, -536.00, 857.00, -1167.00, -862.00, -5252.00
603.00, -460.00, 828.00, -5243.00, -417.00, 1632.00
1320.00, -915.00, 1658.00, -2303.00, 1145.00, 3988.00
1723.00, -1075.00, 2360.00, -1012.00, -5054.00, -5283.00
1141.00, -944.00, 1531.00, 922.00, -2745.00, -7572.00
611.00, -465.00, 876.00, -1294.00, -996.00, 4673.00
539.00, -410.00, 754.00, -2258.00, 3647.00, 7722.00
1195.00, -1203.00, 1858.00, 6539.00, 5443.00, 10138.00
1183.00, -1565.00, 2404.00, -318.00, -2430.00, 11742.00
750.00, -1236.00, 1444.00, 1848.00, 213.00, -65.00
363.00, -481.00, 518.00, -40.00, -531.00, -4119.00
602.00, -1019.00, 1062.00, 4177.00, 4747.00, -227.00
1123.00, -838.00, 2263.00, -3654.00, -2345.00, -756.00
1567.00, -827.00, 2565.00, 6687.00, -4301.00, 15425.00
1150.00, -962.00, 1383.00, 3696.00, -5828.00, 7879.00
489.00, -500.00, 589.00, 653.00, 153.00, -3108.00
1112.00, -460.00, 1834.00, -1188.00, 938.00, -4686.00
1261.00, -758.00, 2027.00, 4382.00, 3950.00, -8787.00
1161.00, -919.00, 2514.00, -1062.00, -6110.00, -4106.00
737.00, -202.00, 1390.00, -1086.00, -2389.00, -1771.00
518.00, -441.00, 864.00, -822.00, 2155.00, -1999.00
1122.00, -237.00, 1461.00, -2821.00, 8768.00, -6179.00
1464.00, -590.00, 1828.00, -8774.00, 6314.00, -3734.00
775.00, -654.00, 2168.00, -5947.00, 2014.00, -9670.00
673.00, -364.00, 1368.00, -4641.00, 3327.00, -12115.00
555.00, -856.00, 1381.00, -3450.00, 3899.00, -9620.00
1340.00, -662.00, 1870.00, 1005.00, 1344.00, -15308.00
730.00, -474.00, 1187.00, -1278.00, -1420.00, -18295.00
1045.00, -534.00, 1441.00, -9373.00, 2672.00, -17405.00
1066.00, -522.00, 2022.00, -12140.00, 8984.00, -15387.00
734.00, -320.00, 1441.00, -4253.00, -6310.00, -7191.00
902.00, -412.00, 1471.00, -3500.00, -9254.00, 6916.00
1604.00, -1003.00, 1390.00, -1023.00, -9844.00, 7139.00
1302.00, -1009.00, 1161.00, -562.00, -5088.00, 7766.00
1275.00, -898.00, 1082.00, -563.00, -1511.00, 6782.00
984.00, -1108.00, 1299.00, 1373.00, 1720.00, 12720.00
1003.00, -1288.00, 1593.00, 2626.00, 7359.00, 16365.00
788.00, -1221.00, 1186.00, 4991.00, -3880.00, 12157.00
861.00, -1127.00, 1626.00, 2836.00, 760.00, 2684.00
624.00, -899.00, 1567.00, 5413.00, 3635.00, -1383.00
407.00, -948.00, 1391.00, 5747.00, 6469.00, -8942.00
537.00, -1272.00, 1670.00, 3649.00, 5357.00, -9526.00
507.00, -1296.00, 1231.00, -1895.00, 4307.00, -19508.00
347.00, -1251.00, 1649.00, 487.00, 1800.00, -29892.00
376.00, -1248.00, 1877.00, -329.00, -7921.00, -18517.00
436.00, -1123.00, 2171.00, -18639.00, -5712.00, 1678.00
596.00, -814.00, 1685.00, -17300.00, 13944.00, -5480.00
732.00, -759.00, 1608.00, 31385.00, 674.00, -11911.00
770.00, -576.00, 1215.00, 19566.00, 221.00, 4002.00
1270.00, -1430.00, 1438.00, 7812.00, -19475.00, 22130.00
333.00, 750.00, 1496.00, 665.00, -7620.00, -1233.00
1582.00, 35.00, 1712.00, 587.00, 5711.00, 12343.00
1434.00, -256.00, 1206.00, -13363.00, 14977.00, 15615.00
1339.00, -624.00, 1376.00, -9724.00, 10632.00, 828.00
818.00, -1326.00, 1425.00, -4291.00, 6287.00, -982.00
626.00, -1330.00, 1751.00, -1656.00, 5952.00, -7810.00
407.00, -419.00, 1398.00, -3712.00, 6730.00, -7658.00
290.00, -1605.00, 2652.00, 5354.00, 2067.00, -1536.00
115.00, -481.00, 2095.00, 9313.00, -1115.00, -8767.00
239.00, -724.00, 1714.00, 17118.00, -8692.00, 9024.00
578.00, -430.00, 333.00, 18346.00, -18904.00, 32183.00
738.00, -1394.00, 1209.00, 30874.00, -4419.00, -7701.00
657.00, -147.00, 1273.00, -8274.00, 4329.00, 5601.00
729.00, -561.00, 1840.00, -12315.00, 32767.00, -2414.00
183.00, -969.00, 640.00, -9281.00, 13535.00, 2724.00
-522.00, -1038.00, 1989.00, 19201.00, 14859.00, -32768.00
-609.00, -967.00, 1008.00, 32767.00, 5467.00, -32768.00
-299.00, -1757.00, 1552.00, 32767.00, -8812.00, -32768.00
55.00, -38.00, 698.00, -6839.00, -3529.00, 23864.00
1043.00, -722.00, 1658.00, -26022.00, -1011.00, 32767.00
1171.00, 2422.00, 3407.00, -17609.00, -23386.00, 2973.00
431.00, -2494.00, -1399.00, 32767.00, -32768.00, 32767.00
5281.00, -27.00, -3785.00, 32767.00, 24924.00, -31433.00
2419.00, -192.00, -906.00, 13472.00, -3543.00, 32767.00
2370.00, 1092.00, -1726.00, 6652.00, -12687.00, -19646.00
2272.00, -78.00, 510.00, 1466.00, 5093.00, -3176.00
1948.00, 60.00, 432.00, 196.00, -569.00, -1887.00
2086.00, 68.00, 516.00, -42.00, -260.00, 22.00
2058.00, -31.00, 460.00, -390.00, -106.00, 324.00
2027.00, -11.00, 454.00, -205.00, 316.00, 98.00
2005.00, -2.00, 458.00, -120.00, 218.00, -95.00
2006.00, -27.00, 471.00, -155.00, 208.00, -160.00
1989.00, 16.00, 445.00, -212.00, 235.00, 166.00
1995.00, 2.00, 469.00, -411.00, 402.00, 636.00
1998.00, -35.00, 489.00, -352.00, 259.00, 360.00
2003.00, -50.00, 494.00, -131.00, 111.00, -114.00
2006.00, -22.00, 490.00, -144.00, 125.00, -159.00
1990.00, -52.00, 494.00, -95.00, 64.00, -227.00
2007.00, -39.00, 477.00, -139.00, 37.00, -205.00
1989.00, -41.00, 529.00, -108.00, 157.00, -384.00
2001.00, -43.00, 462.00, -85.00, -79.00, -362.00
2006.00, -18.00, 472.00, -35.00, 28.00, -296.00
2021.00, -19.00, 456.00, 110.00, 53.00, -578.00
2021.00, -29.00, 493.00, 71.00, -647.00, -1092.00
2054.00, 58.00, 373.00, -1135.00, -1771.00, -1945.00
2049.00, -39.00, 447.00, 521.00, -2951.00, -3633.00
2009.00, 309.00, -62.00, -2257.00, -2522.00, -4634.00