Who: Tim3
Type: lateral fall (left), bent legs

-135.00, 237.00, 1779.00, -1119.00, -10.00, 1056.00
-461.00, -416.00, 3091.00, -4458.00, 5063.00, 315.00
-368.00, -54.00, 1853.00, 3705.00, 6404.00, 2299.00
-355.00, -216.00, 788.00, 3550.00, 5929.00, -4402.00
-466.00, -77.00, 962.00, 2837.00, -458.00, -7577.00
-663.00, -138.00, 2225.00, -304.00, -9376.00, -5481.00
-910.00, -208.00, 2981.00, -1362.00, -7246.00, -3444.00
137.00, -313.00, 1505.00, 2199.00, 937.00, 1220.00
-144.00, 42.00, 1253.00, 2936.00, 704.00, -1614.00
-29.00, -60.00, 1731.00, 357.00, -3162.00, -4612.00
121.00, 188.00, 3103.00, -636.00, -1937.00, 1868.00
-24.00, 382.00, 2260.00, 1881.00, 1573.00, 211.00
167.00, 144.00, 1188.00, -1162.00, 4633.00, -5441.00
-80.00, 69.00, 1057.00, -1230.00, 2724.00, -3086.00
-767.00, 53.00, 2001.00, 1858.00, -2335.00, 1120.00
-299.00, -186.00, 2121.00, -1219.00, -1504.00, -3987.00
-518.00, -1.00, 2343.00, 1187.00, 6199.00, -1616.00
-405.00, -294.00, 1389.00, -878.00, -2218.00, -125.00
-185.00, -164.00, 1140.00, 2505.00, -1714.00, 784.00
-262.00, 82.00, 2010.00, 2503.00, -4533.00, -4347.00
137.00, 190.00, 1761.00, 1354.00, -4581.00, -534.00
290.00, 442.00, 2737.00, 2696.00, -1311.00, 5069.00
406.00, 428.00, 2183.00, -1177.00, 2175.00, 149.00
-11.00, 301.00, 998.00, -2115.00, 7592.00, 2366.00
33.00, 29.00, 1799.00, -2792.00, -158.00, 2095.00
-60.00, -59.00, 2123.00, 133.00, 1474.00, 888.00
-430.00, -89.00, 1410.00, 396.00, 2955.00, -900.00
-666.00, -226.00, 2232.00, -3759.00, 747.00, -2012.00
-397.00, -456.00, 1883.00, -2363.00, 2029.00, -2038.00
-519.00, -418.00, 1483.00, 1538.00, 803.00, -7512.00
-335.00, -275.00, 1897.00, 7635.00, -7123.00, -4660.00
82.00, 375.00, 1550.00, 6059.00, -7295.00, -4106.00
580.00, -148.00, 2856.00, -1400.00, -8995.00, 3806.00
687.00, -477.00, 1887.00, -383.00, 235.00, -62.00
386.00, 326.00, 1217.00, 6592.00, 15411.00, 7287.00
464.00, 298.00, 1662.00, 4537.00, 15098.00, 17631.00
-563.00, 442.00, 1583.00, -11856.00, 3024.00, 14647.00
-818.00, 90.00, 2206.00, -15545.00, 4174.00, 7019.00
-761.00, -594.00, 2269.00, -5352.00, 3315.00, -1869.00
-455.00, -182.00, 1277.00, 1131.00, 2110.00, -2403.00
-579.00, -265.00, 1530.00, -593.00, -4181.00, -8980.00
-338.00, 231.00, 1902.00, 388.00, -3623.00, -15452.00
261.00, -219.00, 2076.00, -2993.00, -8145.00, -13731.00
42.00, -212.00, 2324.00, 4577.00, -8510.00, -14608.00
456.00, -253.00, 1772.00, -493.00, 6184.00, -1908.00
-1.00, -129.00, 1427.00, -1276.00, 10766.00, 4199.00
-377.00, -27.00, 2141.00, 4899.00, 2176.00, 10919.00
-413.00, -579.00, 2089.00, -319.00, 921.00, -3196.00
-242.00, -611.00, 1616.00, 7033.00, -127.00, -192.00
-40.00, -200.00, 1751.00, 1059.00, -6271.00, -4536.00
35.00, 47.00, 1828.00, 1480.00, -162.00, -3781.00
-335.00, -132.00, 1791.00, 409.00, 983.00, -129.00
-256.00, 65.00, 1652.00, -578.00, 2258.00, 886.00
-196.00, -35.00, 1771.00, -1619.00, 4278.00, 2763.00
-288.00, -68.00, 1779.00, 1247.00, 1906.00, 1918.00
-116.00, -263.00, 2042.00, -2388.00, -1788.00, -5176.00
167.00, -261.00, 1976.00, -727.00, -3732.00, 363.00
82.00, -32.00, 1940.00, 1455.00, -787.00, 1181.00
46.00, 73.00, 1814.00, 2769.00, 1228.00, 1248.00
31.00, 89.00, 1707.00, 215.00, -1128.00, 1446.00
320.00, 196.00, 1293.00, -1283.00, -1155.00, 4863.00
106.00, 32.00, 1262.00, -1015.00, 936.00, 6113.00
265.00, 344.00, 1248.00, -1074.00, 2503.00, 1762.00
674.00, 377.00, 1485.00, -469.00, 5150.00, 4946.00
511.00, 672.00, 1397.00, 843.00, 4944.00, 6267.00
1090.00, 517.00, 2095.00, 6352.00, 10430.00, -2502.00
-526.00, 340.00, 370.00, -5925.00, 19123.00, 19287.00
-2205.00, -547.00, 1595.00, -11338.00, 8719.00, 7381.00
-1264.00, 232.00, 1277.00, 3168.00, 21527.00, 12145.00
-6602.00, -159.00, 186.00, -933.00, 32767.00, -14171.00
-3821.00, -448.00, 24.00, -9501.00, 25462.00, 22474.00
-2247.00, 1291.00, -950.00, -2869.00, 7238.00, 15602.00
-2231.00, 1119.00, 369.00, -10379.00, 4044.00, 3878.00
-1740.00, 1062.00, -335.00, 864.00, -1344.00, 1319.00
-2313.00, 676.00, -284.00, -4980.00, -2357.00, 4355.00
-2026.00, 437.00, 16.00, -4071.00, -8894.00, -1805.00
-1278.00, 101.00, 714.00, -2638.00, -10942.00, -674.00
-1465.00, 390.00, 751.00, 4014.00, 2836.00, 3438.00
-1758.00, 927.00, 229.00, 6084.00, 4079.00, 5141.00
-2112.00, 1183.00, 74.00, 664.00, 1963.00, 1369.00
-1743.00, 842.00, 264.00, -2493.00, -656.00, 824.00
-1558.00, 993.00, 197.00, -530.00, -1594.00, 662.00
-1673.00, 1035.00, 306.00, -1243.00, -1272.00, -1431.00
-1598.00, 882.00, 239.00, -1413.00, -1947.00, -3964.00
-1826.00, 797.00, 434.00, -1733.00, -3867.00, -3696.00
-1496.00, 544.00, 565.00, -719.00, -3019.00, -1899.00
-1640.00, 565.00, 698.00, 1439.00, 781.00, 1528.00
-1449.00, 639.00, 400.00, 4076.00, 1447.00, 2000.00
-1883.00, 770.00, 214.00, 3055.00, 829.00, 2530.00
-1935.00, 1034.00, 6.00, -2199.00, 168.00, 1251.00
-1299.00, 898.00, 575.00, -1563.00, -3943.00, 1165.00
-1403.00, 826.00, 470.00, 1040.00, 1967.00, 447.00
-1722.00, 1040.00, 352.00, 387.00, 2405.00, 382.00
-1556.00, 998.00, 287.00, 1238.00, -431.00, 1712.00
-1444.00, 1187.00, 313.00, 1133.00, 1103.00, 868.00
-1654.00, 1110.00, 297.00, -331.00, -36.00, -906.00
-1512.00, 1015.00, 289.00, -349.00, 79.00, -190.00
-1529.00, 1121.00, 320.00, -51.00, 399.00, -991.00
-1670.00, 1033.00, 321.00, -101.00, 194.00, -612.00